6.869940575014026e-05 0.017220651041368492 0.028933899721767405 0.04933762322955906 8.014930670849697e-05 0.00883932353985138 0.018285491830495666 0.0009388918785852502 0.04432256660979882 0.00027479762300056104 0.015274167878447851 0.07546629721652907 0.02735381338951418 0.21471999267206338 0.00018319841533370737 0.01711760193274328 5.724950479178355e-05 0.09379758865085817 0.10457194545267183 0.13562407685173522 0.009148470865727011 0.029483494967768527 0.011404101354523284 0.0005953948498345489 0.030227738530061714 0.0009961413833770338 0.06567663189713409
0.05556282722513089 0.008376963350785341 6.544502617801048e-05 0.0005890052356020942 0.36747382198952877 0.0 0.0 0.0017015706806282722 0.03632198952879581 0.006806282722513089 0.0 0.11577225130890052 0.0004581151832460733 0.00039267015706806284 0.09397905759162303 0.0 0.0 0.058573298429319375 0.014136125654450262 0.008769633507853402 0.14842931937172774 0.00019633507853403142 0.0 0.0 0.07480366492146596 0.0 0.0075916230366492145
0.12440830197839543 0.0 0.018772504753813164 0.0 0.19270137961726747 4.045798438321803e-05 0.0 0.17607314803576485 0.03402516486628636 0.0 0.057167131933487075 0.03705951369502771 4.045798438321803e-05 0.0 0.19298458550795 0.0 0.0021847311566937735 0.04001294655500263 0.001456487437795849 0.06295262370028726 0.03273050936602338 0.0 0.0 0.0 0.016304567706436866 0.0006877857345147064 0.010397701986487033
0.028285657131426285 0.0010202040408081616 8.001600320064013e-05 0.008761752350470093 0.11062212442488498 0.001280256051210242 0.004560912182436487 0.00042008401680336066 0.05151030206041208 0.0001200240048009602 0.0001200240048009602 0.007301460292058411 0.002000400080016003 0.005621124224844969 0.05321064212842568 6.00120024004801e-05 0.0 0.020784156831366273 0.024284856971394278 0.0008201640328065614 0.011002200440088018 0.002060412082416483 0.0009401880376075215 0.0 0.009921984396879377 0.0 0.6552110422084417
0.05556523759730452 0.0007188915998605786 0.014719123968862553 0.08340594864645057 0.0340420587893575 0.009280237016382014 0.0046836876960613455 0.0019606134541652145 0.009105960264900662 0.0003049843150923667 0.0012344603229929127 0.03731700941094458 0.02007813407691414 0.08302834901824097 0.0014377831997211571 0.011945219007784362 0.0009222144765888231 0.12317735564075752 0.058005112118043455 0.026192343441384918 0.0003049843150923667 0.0165635529220402 0.008278145695364239 0.007951376786336702 0.01211223422795399 0.0002468920645985825 0.37741808992680376
0.06090622569686054 4.0931603290900904e-05 0.00032745282632720723 0.0002865212230363063 0.10155130776472514 0.040440424051410094 0.0 4.0931603290900904e-05 0.07371781752691253 0.0 4.0931603290900904e-05 0.02218492898366829 0.0 0.0 0.1760058941508739 0.00032745282632720723 8.186320658180181e-05 0.07830215709549343 0.0013507429085997298 0.03356391469853874 0.041832098563300724 4.0931603290900904e-05 0.0002046580164545045 0.0 0.0015554009250542344 0.0 0.367197413122672
0.06626419433663935 0.00038330698097839105 0.00019165349048919553 0.0002874802357337933 0.12395189497388721 0.00023956686311149442 0.006755785539744143 0.15725168894638494 0.036701643428680944 4.791337262229888e-05 0.0 0.028173063101911745 0.0013894878060466676 0.012984523980642997 0.08116525322217431 0.0009103540798236787 0.0 0.0687077763403766 0.029897944516314504 0.00603708495040966 0.027693929375688753 0.00014374011786689664 0.00014374011786689664 0.0 0.00258732212160414 4.791337262229888e-05 0.3480427387283791
0.18009005927952576 0.0005129958960328317 8.549931600547196e-05 0.0001709986320109439 0.4430717054263566 0.0003989968080255358 2.8499772001823985e-05 8.549931600547196e-05 0.13228169174646603 2.8499772001823985e-05 1.4249886000911993e-05 0.0009404924760601915 0.0007267441860465116 0.0013964888280893753 0.07257466940264477 4.274965800273598e-05 4.274965800273598e-05 0.009675672594619242 0.0016102371181030552 0.032518239854081164 0.01222640218878249 0.0 0.0005557455540355677 0.0 0.005414956680346557 0.0 0.1055061559507524
0.009415992326709265 0.0065655269308188 0.047552787647082664 0.042365210812855464 0.03644813098631507 0.02470853653594153 0.0311254610053632 5.4037258689866665e-05 0.0006754657336233333 0.0 0.006916769112302933 0.047431203815030465 0.042756980938356996 0.2566634694621942 0.0345703362468422 0.005565837645056266 0.0001215838320522 0.03159828701889953 0.11216783972549073 0.12877078745795226 0.0007430123069856666 0.018413195898572064 0.0 0.0026208070464585334 0.0 0.0028774840252353997 0.10987125623117139
0.03512544802867384 0.0 0.0007168458781362007 0.0 0.12186379928315412 0.0 0.0 0.0 0.0 0.0 0.0 0.0 0.0 0.0 0.4544802867383513 0.0 0.0 0.0 0.0 0.0 0.3863799283154122 0.0 0.0 0.0 0.0 0.0 0.0014336917562724014
0.004325163579904624 0.0007763114117777532 0.00022180326050792945 0.00011090163025396473 0.345902184762116 0.004546966840412554 0.0004436065210158589 0.0007763114117777532 0.11744482643894866 0.00022180326050792945 0.00011090163025396473 0.015637129865809028 0.0006654097815237884 0.1242098258844405 0.002994344016857048 0.0 0.0 0.002218032605079295 0.03327048907618942 0.0007763114117777532 0.0008872130420317178 0.00011090163025396473 0.0007763114117777532 0.0 0.007984917378285461 0.0 0.3355883331484973
0.07113849277770086 0.0006691587059855093 0.0013844662882458812 0.07755318657990679 0.15021459227467812 0.021736120725460335 0.0006460842678480779 0.00025381881951174487 0.1064193086898334 0.0 0.006022428353869584 0.14862245604319535 0.008191425538788131 0.0011998707831464303 0.0862522497577184 0.0042687710554248 0.0 0.0025612626332548803 0.023605150214592276 0.016313627763163967 0.018482624948082515 0.005699386219945544 0.002884304767178919 0.0 0.08392173150583783 0.0 0.16195948128663068
0.12237473127170498 0.018290061187365637 6.61485033901108e-05 9.922275508516619e-05 0.27722837770795433 0.0025136431288242103 0.0 0.0002645940135604432 0.08645609393087482 3.30742516950554e-05 0.0 0.0013891185711923267 0.010550686290722672 0.0040350587067967585 0.09518769637836944 0.034761038531503224 0.0 0.0071109641144369105 0.01911691747974202 0.0008599305440714404 0.03896146849677526 0.0 0.0006945592855961633 0.0 0.11559450967421862 0.0 0.1644121051761204
0.022734006734006735 0.0004175084175084175 0.03291582491582492 0.20117171717171717 0.07931313131313131 0.004956228956228956 0.12332659932659933 0.0015622895622895623 0.027245791245791247 0.0015084175084175084 0.010356902356902356 0.010828282828282828 0.0006060606060606061 0.007353535353535353 0.07636363636363637 0.0002962962962962963 0.0012121212121212121 0.001696969696969697 0.032363636363636365 0.08544107744107744 0.004888888888888889 0.002882154882154882 0.0006195286195286195 0.001037037037037037 0.012457912457912458 0.0001750841750841751 0.25626936026936026
0.00610485850025991 0.005113574545762261 0.010505192151932399 0.01852008558890729 0.002623275830804753 0.09165749930489235 0.00440033365167249 0.003687092757582718 0.008244581182529225 0.00013297711584724556 0.017516712805696256 0.02501178660799555 0.05730104810144945 0.1253732425865258 0.045768305508879246 0.013092201496596994 0.0002538654029811052 0.11093918110274295 0.022932508069293166 0.0519215193239927 0.15055427279650874 0.018338753158206503 0.05569323388256912 0.0018979461080015957 0.0037717145585764197 0.00029013188912126306 0.1483541059706725
0.12017920929950959 0.00024217472906702184 0.0 0.00012108736453351092 0.1818732215293334 0.0001816310468002664 0.0006054368226675546 0.01864745413816068 0.06217836168795786 0.0 6.054368226675546e-05 0.08669855300599383 0.0003632620936005328 0.002119028879336441 0.119089423018708 0.06944360355996852 0.0 0.11824181146697342 0.02760791911364049 0.0459526548404674 0.034630986256584124 0.0 0.000787067869467821 0.0 0.010897862808015983 0.0 0.10007870678694679
0.0 0.0 0.0 0.0 0.0 0.0 0.0 0.0 0.0 0.0 0.0 0.0 0.0 0.0 0.0 0.0 0.0 0.0 0.0 0.0 0.9974003466204506 0.0 0.0 0.0 0.0 0.0 0.0025996533795493936
0.05672574565174261 0.0025295946035315126 0.009407446597447258 0.030966867270683155 0.24277494874677602 0.004447457178758019 0.0066629191191058795 0.0024965280074069176 0.07106011507175451 6.613319224918987e-05 0.013474637920772435 0.010019178625752264 0.013028238873090405 0.02245221876859996 0.08212089147543152 0.005720521129554923 4.95998941868924e-05 0.022022353018980225 0.049831360359764564 0.041597777924740426 0.014813835063818531 0.005422921764433569 0.0028602605647774617 0.0 0.03321539580715561 3.306659612459494e-05 0.25619998677336153
0.04791002081742074 0.0014976561680969283 0.012370639948480628 0.00025460154857647783 0.12095071213550793 0.0019169998951640683 0.0002845546719384164 0.06884725404741579 0.04639738808764284 2.9953123361938567e-05 0.007443351155441734 0.010723218163574006 0.004717616929505324 0.0034745623099848738 0.06648095730182264 0.01960431924038879 0.0005840859055578021 0.0001946953018526007 0.04501954441299366 0.12071108714861242 0.03172035764029294 2.9953123361938567e-05 0.006919171496607809 0.0 0.0029204295277890104 0.0002995312336193857 0.3786973386649893
0.026588053196472578 0.0005906193356550783 0.003971405877680699 7.128164395837151e-05 0.08164803160831755 0.0007229995315777682 0.00019347874788700842 0.32838435062422355 0.05445917598419584 1.0183091994053074e-05 0.0 0.013319484328221422 0.001099773935357732 0.000957210647440989 0.10595507219812224 0.00010183091994053074 0.0 0.025854870572900757 0.01711777764200322 0.01904238202887925 0.016639172318282724 2.0366183988106147e-05 0.004490743569377406 0.0 0.010386753833934136 0.0005906193356550783 0.28778436284393394
0.015017780035560072 0.011779273558547116 0.046640843281686564 0.020193040386080774 0.026193802387604777 0.005619761239522479 0.05006985013970028 0.000127000254000508 0.030924561849123698 0.0 0.000476250952501905 0.1099504699009398 0.018256286512573026 0.10950596901193803 0.001619253238506477 0.04178308356616713 0.0 0.1676720853441707 0.12722250444500888 0.1397002794005588 0.0 0.00063500127000254 3.1750063500127e-05 0.00034925069850139703 0.000285750571501143 0.001143002286004572 0.07480314960629922
0.08982889733840305 0.0 0.0 0.0 0.7401140684410646 0.0 0.0 0.0 0.11026615969581749 0.0 0.0 9.505703422053231e-05 0.0 0.0005703422053231939 0.049334600760456274 0.0 0.0 0.00019011406844106463 0.0 0.0 0.001520912547528517 9.505703422053231e-05 0.0 0.0 0.006273764258555133 0.0 0.0017110266159695818
0.20208281676171586 0.0001416882150827105 0.0001416882150827105 0.0014168821508271049 0.17661436010059864 0.002267011441323368 7.084410754135524e-05 0.19113740214657646 0.15157096808472956 0.0 0.0010272395593496511 0.006517657893804683 0.0001416882150827105 0.036590981545109987 0.08249796323190818 0.0001771102688533881 0.0 0.01459388615351918 0.009138889872834828 0.0004959087527894868 0.0001771102688533881 0.0 3.542205377067762e-05 0.0 0.0007084410754135524 0.0 0.12245403988523254
0.06565349544072949 0.0 0.13799392097264437 0.0 0.139209726443769 0.00364741641337386 0.0 0.023100303951367782 0.11367781155015197 0.0 0.0 0.0 0.0 0.0 0.0060790273556231 0.2109422492401216 0.004863221884498481 0.0 0.0012158054711246201 0.11793313069908815 0.01094224924012158 0.00851063829787234 0.0 0.009726443768996961 0.00425531914893617 0.0 0.14224924012158055
0.005603105973705109 0.0018529956763434219 0.0006176652254478073 0.0005735462807729639 0.05148680843554222 0.0009264978381717109 0.0005735462807729639 0.0011029736168710845 0.014647489632048002 0.0 8.823788934968675e-05 0.0031765640165887232 0.004588370246183711 0.0007941410041471808 0.14598958792905672 0.00639724697785229 4.4118944674843376e-05 0.001632400952969205 0.03758934086296656 0.00952969204976617 8.823788934968675e-05 0.0001764757786993735 0.0016765198976440483 0.0 8.823788934968675e-05 0.0 0.7107561987117268
0.24475524475524477 0.0 0.0 0.0 0.36538461538461536 0.0 0.022727272727272728 0.0 0.07167832167832168 0.0 0.0 0.06118881118881119 0.0 0.0 0.045454545454545456 0.0 0.0 0.0 0.0 0.0017482517482517483 0.0017482517482517483 0.0017482517482517483 0.0 0.0 0.024475524475524476 0.08566433566433566 0.07342657342657342
0.11589725179878095 0.042743007286781445 0.03543713050518629 0.03118268892928614 0.019015138784925376 0.03711370128778967 0.01659384977314737 0.0722491254334642 0.08131941155802691 0.004136050472800599 0.0066489971127847115 0.024965246482638516 0.05485327141351339 0.02280747315195307 0.05820259391087823 0.022784558744901543 0.003024701730801546 0.018419364201585676 0.07498357800827973 0.14837078565863643 0.010536808175860436 0.007027084829134905 0.07663341531598968 0.0001642199172026092 0.014821802294495959 6.874322115458059e-05 0.0
